x <- 0:20
x <- x + x^2
x